https://restapi.amap.com/v3/place/polygon?polygon=113.854971126,22.7878506382|113.897891904,22.8332183285|113.942889538,22.8347463047|113.85895996,22.7683374198|113.854971126,22.7878506382&types=010000&output=json&key=73d3c499b2603f32f8a6dc6d0a381e26
https://restapi.amap.com/v3/place/polygon?polygon=113.854971126,22.7878506382|113.897891904,22.8332183285|113.942889538,22.8347463047|113.85895996,22.7683374198|113.854971126,22.7878506382&types=020000&output=json&key=73d3c499b2603f32f8a6dc6d0a381e26
https://restapi.amap.com/v3/place/polygon?polygon=113.854971126,22.7878506382|113.897891904,22.8332183285|113.942889538,22.8347463047|113.85895996,22.7683374198|113.854971126,22.7878506382&types=030000&output=json&key=73d3c499b2603f32f8a6dc6d0a381e26
https://restapi.amap.com/v3/place/polygon?polygon=113.854971126,22.7878506382|113.897891904,22.8332183285|113.942889538,22.8347463047|113.85895996,22.7683374198|113.854971126,22.7878506382&types=040000&output=json&key=73d3c499b2603f32f8a6dc6d0a381e26
https://restapi.amap.com/v3/place/polygon?polygon=113.854971126,22.7878506382|113.897891904,22.8332183285|113.942889538,22.8347463047|113.85895996,22.7683374198|113.854971126,22.7878506382&types=050000&output=json&key=73d3c499b2603f32f8a6dc6d0a381e26
https://restapi.amap.com/v3/place/polygon?polygon=113.854971126,22.7878506382|113.897891904,22.8332183285|113.942889538,22.8347463047|113.85895996,22.7683374198|113.854971126,22.7878506382&types=060000&output=json&key=73d3c499b2603f32f8a6dc6d0a381e26
https://restapi.amap.com/v3/place/polygon?polygon=113.854971126,22.7878506382|113.897891904,22.8332183285|113.942889538,22.8347463047|113.85895996,22.7683374198|113.854971126,22.7878506382&types=070000&output=json&key=73d3c499b2603f32f8a6dc6d0a381e26
https://restapi.amap.com/v3/place/polygon?polygon=113.854971126,22.7878506382|113.897891904,22.8332183285|113.942889538,22.8347463047|113.85895996,22.7683374198|113.854971126,22.7878506382&types=080000&output=json&key=73d3c499b2603f32f8a6dc6d0a381e26
https://restapi.amap.com/v3/place/polygon?polygon=113.854971126,22.7878506382|113.897891904,22.8332183285|113.942889538,22.8347463047|113.85895996,22.7683374198|113.854971126,22.7878506382&types=090000&output=json&key=73d3c499b2603f32f8a6dc6d0a381e26
https://restapi.amap.com/v3/place/polygon?polygon=113.854971126,22.7878506382|113.897891904,22.8332183285|113.942889538,22.8347463047|113.85895996,22.7683374198|113.854971126,22.7878506382&types=100000&output=json&key=73d3c499b2603f32f8a6dc6d0a381e26
https://restapi.amap.com/v3/place/polygon?polygon=113.854971126,22.7878506382|113.897891904,22.8332183285|113.942889538,22.8347463047|113.85895996,22.7683374198|113.854971126,22.7878506382&types=110000&output=json&key=73d3c499b2603f32f8a6dc6d0a381e26
https://restapi.amap.com/v3/place/polygon?polygon=113.854971126,22.7878506382|113.897891904,22.8332183285|113.942889538,22.8347463047|113.85895996,22.7683374198|113.854971126,22.7878506382&types=120000&output=json&key=73d3c499b2603f32f8a6dc6d0a381e26
https://restapi.amap.com/v3/place/polygon?polygon=113.854971126,22.7878506382|113.897891904,22.8332183285|113.942889538,22.8347463047|113.85895996,22.7683374198|113.854971126,22.7878506382&types=130000&output=json&key=73d3c499b2603f32f8a6dc6d0a381e26
https://restapi.amap.com/v3/place/polygon?polygon=113.854971126,22.7878506382|113.897891904,22.8332183285|113.942889538,22.8347463047|113.85895996,22.7683374198|113.854971126,22.7878506382&types=140000&output=json&key=73d3c499b2603f32f8a6dc6d0a381e26
https://restapi.amap.com/v3/place/polygon?polygon=113.854971126,22.7878506382|113.897891904,22.8332183285|113.942889538,22.8347463047|113.85895996,22.7683374198|113.854971126,22.7878506382&types=150000&output=json&key=73d3c499b2603f32f8a6dc6d0a381e26
https://restapi.amap.com/v3/place/polygon?polygon=113.854971126,22.7878506382|113.897891904,22.8332183285|113.942889538,22.8347463047|113.85895996,22.7683374198|113.854971126,22.7878506382&types=160000&output=json&key=73d3c499b2603f32f8a6dc6d0a381e26
https://restapi.amap.com/v3/place/polygon?polygon=113.854971126,22.7878506382|113.897891904,22.8332183285|113.942889538,22.8347463047|113.85895996,22.7683374198|113.854971126,22.7878506382&types=170000&output=json&key=73d3c499b2603f32f8a6dc6d0a381e26
https://restapi.amap.com/v3/place/polygon?polygon=113.854971126,22.7878506382|113.897891904,22.8332183285|113.942889538,22.8347463047|113.85895996,22.7683374198|113.854971126,22.7878506382&types=180000&output=json&key=73d3c499b2603f32f8a6dc6d0a381e26
https://restapi.amap.com/v3/place/polygon?polygon=113.854971126,22.7878506382|113.897891904,22.8332183285|113.942889538,22.8347463047|113.85895996,22.7683374198|113.854971126,22.7878506382&types=190000&output=json&key=73d3c499b2603f32f8a6dc6d0a381e26
https://restapi.amap.com/v3/place/polygon?polygon=113.854971126,22.7878506382|113.897891904,22.8332183285|113.942889538,22.8347463047|113.85895996,22.7683374198|113.854971126,22.7878506382&types=200000&output=json&key=73d3c499b2603f32f8a6dc6d0a381e26
https://restapi.amap.com/v3/place/polygon?polygon=113.854971126,22.7878506382|113.897891904,22.8332183285|113.942889538,22.8347463047|113.85895996,22.7683374198|113.854971126,22.7878506382&types=990000&output=json&key=73d3c499b2603f32f8a6dc6d0a381e26
