https://restapi.amap.com/v3/place/polygon?polygon=113.85895996,22.7683374198|113.942889538,22.8347463047|113.963918689,22.820783028|113.989974316,22.8064478047|113.926875447,22.7730043216|113.875920736,22.7461060958|113.85895996,22.7683374198&types=010000&output=json&key=73d3c499b2603f32f8a6dc6d0a381e26
https://restapi.amap.com/v3/place/polygon?polygon=113.85895996,22.7683374198|113.942889538,22.8347463047|113.963918689,22.820783028|113.989974316,22.8064478047|113.926875447,22.7730043216|113.875920736,22.7461060958|113.85895996,22.7683374198&types=020000&output=json&key=73d3c499b2603f32f8a6dc6d0a381e26
https://restapi.amap.com/v3/place/polygon?polygon=113.85895996,22.7683374198|113.942889538,22.8347463047|113.963918689,22.820783028|113.989974316,22.8064478047|113.926875447,22.7730043216|113.875920736,22.7461060958|113.85895996,22.7683374198&types=030000&output=json&key=73d3c499b2603f32f8a6dc6d0a381e26
https://restapi.amap.com/v3/place/polygon?polygon=113.85895996,22.7683374198|113.942889538,22.8347463047|113.963918689,22.820783028|113.989974316,22.8064478047|113.926875447,22.7730043216|113.875920736,22.7461060958|113.85895996,22.7683374198&types=040000&output=json&key=73d3c499b2603f32f8a6dc6d0a381e26
https://restapi.amap.com/v3/place/polygon?polygon=113.85895996,22.7683374198|113.942889538,22.8347463047|113.963918689,22.820783028|113.989974316,22.8064478047|113.926875447,22.7730043216|113.875920736,22.7461060958|113.85895996,22.7683374198&types=050000&output=json&key=73d3c499b2603f32f8a6dc6d0a381e26
https://restapi.amap.com/v3/place/polygon?polygon=113.85895996,22.7683374198|113.942889538,22.8347463047|113.963918689,22.820783028|113.989974316,22.8064478047|113.926875447,22.7730043216|113.875920736,22.7461060958|113.85895996,22.7683374198&types=060000&output=json&key=73d3c499b2603f32f8a6dc6d0a381e26
https://restapi.amap.com/v3/place/polygon?polygon=113.85895996,22.7683374198|113.942889538,22.8347463047|113.963918689,22.820783028|113.989974316,22.8064478047|113.926875447,22.7730043216|113.875920736,22.7461060958|113.85895996,22.7683374198&types=070000&output=json&key=73d3c499b2603f32f8a6dc6d0a381e26
https://restapi.amap.com/v3/place/polygon?polygon=113.85895996,22.7683374198|113.942889538,22.8347463047|113.963918689,22.820783028|113.989974316,22.8064478047|113.926875447,22.7730043216|113.875920736,22.7461060958|113.85895996,22.7683374198&types=080000&output=json&key=73d3c499b2603f32f8a6dc6d0a381e26
https://restapi.amap.com/v3/place/polygon?polygon=113.85895996,22.7683374198|113.942889538,22.8347463047|113.963918689,22.820783028|113.989974316,22.8064478047|113.926875447,22.7730043216|113.875920736,22.7461060958|113.85895996,22.7683374198&types=090000&output=json&key=73d3c499b2603f32f8a6dc6d0a381e26
https://restapi.amap.com/v3/place/polygon?polygon=113.85895996,22.7683374198|113.942889538,22.8347463047|113.963918689,22.820783028|113.989974316,22.8064478047|113.926875447,22.7730043216|113.875920736,22.7461060958|113.85895996,22.7683374198&types=100000&output=json&key=73d3c499b2603f32f8a6dc6d0a381e26
https://restapi.amap.com/v3/place/polygon?polygon=113.85895996,22.7683374198|113.942889538,22.8347463047|113.963918689,22.820783028|113.989974316,22.8064478047|113.926875447,22.7730043216|113.875920736,22.7461060958|113.85895996,22.7683374198&types=110000&output=json&key=73d3c499b2603f32f8a6dc6d0a381e26
https://restapi.amap.com/v3/place/polygon?polygon=113.85895996,22.7683374198|113.942889538,22.8347463047|113.963918689,22.820783028|113.989974316,22.8064478047|113.926875447,22.7730043216|113.875920736,22.7461060958|113.85895996,22.7683374198&types=120000&output=json&key=73d3c499b2603f32f8a6dc6d0a381e26
https://restapi.amap.com/v3/place/polygon?polygon=113.85895996,22.7683374198|113.942889538,22.8347463047|113.963918689,22.820783028|113.989974316,22.8064478047|113.926875447,22.7730043216|113.875920736,22.7461060958|113.85895996,22.7683374198&types=130000&output=json&key=73d3c499b2603f32f8a6dc6d0a381e26
https://restapi.amap.com/v3/place/polygon?polygon=113.85895996,22.7683374198|113.942889538,22.8347463047|113.963918689,22.820783028|113.989974316,22.8064478047|113.926875447,22.7730043216|113.875920736,22.7461060958|113.85895996,22.7683374198&types=140000&output=json&key=73d3c499b2603f32f8a6dc6d0a381e26
https://restapi.amap.com/v3/place/polygon?polygon=113.85895996,22.7683374198|113.942889538,22.8347463047|113.963918689,22.820783028|113.989974316,22.8064478047|113.926875447,22.7730043216|113.875920736,22.7461060958|113.85895996,22.7683374198&types=150000&output=json&key=73d3c499b2603f32f8a6dc6d0a381e26
https://restapi.amap.com/v3/place/polygon?polygon=113.85895996,22.7683374198|113.942889538,22.8347463047|113.963918689,22.820783028|113.989974316,22.8064478047|113.926875447,22.7730043216|113.875920736,22.7461060958|113.85895996,22.7683374198&types=160000&output=json&key=73d3c499b2603f32f8a6dc6d0a381e26
https://restapi.amap.com/v3/place/polygon?polygon=113.85895996,22.7683374198|113.942889538,22.8347463047|113.963918689,22.820783028|113.989974316,22.8064478047|113.926875447,22.7730043216|113.875920736,22.7461060958|113.85895996,22.7683374198&types=170000&output=json&key=73d3c499b2603f32f8a6dc6d0a381e26
https://restapi.amap.com/v3/place/polygon?polygon=113.85895996,22.7683374198|113.942889538,22.8347463047|113.963918689,22.820783028|113.989974316,22.8064478047|113.926875447,22.7730043216|113.875920736,22.7461060958|113.85895996,22.7683374198&types=180000&output=json&key=73d3c499b2603f32f8a6dc6d0a381e26
https://restapi.amap.com/v3/place/polygon?polygon=113.85895996,22.7683374198|113.942889538,22.8347463047|113.963918689,22.820783028|113.989974316,22.8064478047|113.926875447,22.7730043216|113.875920736,22.7461060958|113.85895996,22.7683374198&types=190000&output=json&key=73d3c499b2603f32f8a6dc6d0a381e26
https://restapi.amap.com/v3/place/polygon?polygon=113.85895996,22.7683374198|113.942889538,22.8347463047|113.963918689,22.820783028|113.989974316,22.8064478047|113.926875447,22.7730043216|113.875920736,22.7461060958|113.85895996,22.7683374198&types=200000&output=json&key=73d3c499b2603f32f8a6dc6d0a381e26
https://restapi.amap.com/v3/place/polygon?polygon=113.85895996,22.7683374198|113.942889538,22.8347463047|113.963918689,22.820783028|113.989974316,22.8064478047|113.926875447,22.7730043216|113.875920736,22.7461060958|113.85895996,22.7683374198&types=990000&output=json&key=73d3c499b2603f32f8a6dc6d0a381e26