https://restapi.amap.com/v3/place/polygon?polygon=113.926875447,22.7730043216|113.989974316,22.8064478047|114.016034984,22.7349025056|113.969922917,22.7070611811|113.953895212,22.7109255323|113.926875447,22.7730043216&types=010000&output=json&key=73d3c499b2603f32f8a6dc6d0a381e26
https://restapi.amap.com/v3/place/polygon?polygon=113.926875447,22.7730043216|113.989974316,22.8064478047|114.016034984,22.7349025056|113.969922917,22.7070611811|113.953895212,22.7109255323|113.926875447,22.7730043216&types=020000&output=json&key=73d3c499b2603f32f8a6dc6d0a381e26
https://restapi.amap.com/v3/place/polygon?polygon=113.926875447,22.7730043216|113.989974316,22.8064478047|114.016034984,22.7349025056|113.969922917,22.7070611811|113.953895212,22.7109255323|113.926875447,22.7730043216&types=030000&output=json&key=73d3c499b2603f32f8a6dc6d0a381e26
https://restapi.amap.com/v3/place/polygon?polygon=113.926875447,22.7730043216|113.989974316,22.8064478047|114.016034984,22.7349025056|113.969922917,22.7070611811|113.953895212,22.7109255323|113.926875447,22.7730043216&types=040000&output=json&key=73d3c499b2603f32f8a6dc6d0a381e26
https://restapi.amap.com/v3/place/polygon?polygon=113.926875447,22.7730043216|113.989974316,22.8064478047|114.016034984,22.7349025056|113.969922917,22.7070611811|113.953895212,22.7109255323|113.926875447,22.7730043216&types=050000&output=json&key=73d3c499b2603f32f8a6dc6d0a381e26
https://restapi.amap.com/v3/place/polygon?polygon=113.926875447,22.7730043216|113.989974316,22.8064478047|114.016034984,22.7349025056|113.969922917,22.7070611811|113.953895212,22.7109255323|113.926875447,22.7730043216&types=060000&output=json&key=73d3c499b2603f32f8a6dc6d0a381e26
https://restapi.amap.com/v3/place/polygon?polygon=113.926875447,22.7730043216|113.989974316,22.8064478047|114.016034984,22.7349025056|113.969922917,22.7070611811|113.953895212,22.7109255323|113.926875447,22.7730043216&types=070000&output=json&key=73d3c499b2603f32f8a6dc6d0a381e26
https://restapi.amap.com/v3/place/polygon?polygon=113.926875447,22.7730043216|113.989974316,22.8064478047|114.016034984,22.7349025056|113.969922917,22.7070611811|113.953895212,22.7109255323|113.926875447,22.7730043216&types=080000&output=json&key=73d3c499b2603f32f8a6dc6d0a381e26
https://restapi.amap.com/v3/place/polygon?polygon=113.926875447,22.7730043216|113.989974316,22.8064478047|114.016034984,22.7349025056|113.969922917,22.7070611811|113.953895212,22.7109255323|113.926875447,22.7730043216&types=090000&output=json&key=73d3c499b2603f32f8a6dc6d0a381e26
https://restapi.amap.com/v3/place/polygon?polygon=113.926875447,22.7730043216|113.989974316,22.8064478047|114.016034984,22.7349025056|113.969922917,22.7070611811|113.953895212,22.7109255323|113.926875447,22.7730043216&types=100000&output=json&key=73d3c499b2603f32f8a6dc6d0a381e26
https://restapi.amap.com/v3/place/polygon?polygon=113.926875447,22.7730043216|113.989974316,22.8064478047|114.016034984,22.7349025056|113.969922917,22.7070611811|113.953895212,22.7109255323|113.926875447,22.7730043216&types=110000&output=json&key=73d3c499b2603f32f8a6dc6d0a381e26
https://restapi.amap.com/v3/place/polygon?polygon=113.926875447,22.7730043216|113.989974316,22.8064478047|114.016034984,22.7349025056|113.969922917,22.7070611811|113.953895212,22.7109255323|113.926875447,22.7730043216&types=120000&output=json&key=73d3c499b2603f32f8a6dc6d0a381e26
https://restapi.amap.com/v3/place/polygon?polygon=113.926875447,22.7730043216|113.989974316,22.8064478047|114.016034984,22.7349025056|113.969922917,22.7070611811|113.953895212,22.7109255323|113.926875447,22.7730043216&types=130000&output=json&key=73d3c499b2603f32f8a6dc6d0a381e26
https://restapi.amap.com/v3/place/polygon?polygon=113.926875447,22.7730043216|113.989974316,22.8064478047|114.016034984,22.7349025056|113.969922917,22.7070611811|113.953895212,22.7109255323|113.926875447,22.7730043216&types=140000&output=json&key=73d3c499b2603f32f8a6dc6d0a381e26
https://restapi.amap.com/v3/place/polygon?polygon=113.926875447,22.7730043216|113.989974316,22.8064478047|114.016034984,22.7349025056|113.969922917,22.7070611811|113.953895212,22.7109255323|113.926875447,22.7730043216&types=150000&output=json&key=73d3c499b2603f32f8a6dc6d0a381e26
https://restapi.amap.com/v3/place/polygon?polygon=113.926875447,22.7730043216|113.989974316,22.8064478047|114.016034984,22.7349025056|113.969922917,22.7070611811|113.953895212,22.7109255323|113.926875447,22.7730043216&types=160000&output=json&key=73d3c499b2603f32f8a6dc6d0a381e26
https://restapi.amap.com/v3/place/polygon?polygon=113.926875447,22.7730043216|113.989974316,22.8064478047|114.016034984,22.7349025056|113.969922917,22.7070611811|113.953895212,22.7109255323|113.926875447,22.7730043216&types=170000&output=json&key=73d3c499b2603f32f8a6dc6d0a381e26
https://restapi.amap.com/v3/place/polygon?polygon=113.926875447,22.7730043216|113.989974316,22.8064478047|114.016034984,22.7349025056|113.969922917,22.7070611811|113.953895212,22.7109255323|113.926875447,22.7730043216&types=180000&output=json&key=73d3c499b2603f32f8a6dc6d0a381e26
https://restapi.amap.com/v3/place/polygon?polygon=113.926875447,22.7730043216|113.989974316,22.8064478047|114.016034984,22.7349025056|113.969922917,22.7070611811|113.953895212,22.7109255323|113.926875447,22.7730043216&types=190000&output=json&key=73d3c499b2603f32f8a6dc6d0a381e26
https://restapi.amap.com/v3/place/polygon?polygon=113.926875447,22.7730043216|113.989974316,22.8064478047|114.016034984,22.7349025056|113.969922917,22.7070611811|113.953895212,22.7109255323|113.926875447,22.7730043216&types=200000&output=json&key=73d3c499b2603f32f8a6dc6d0a381e26
https://restapi.amap.com/v3/place/polygon?polygon=113.926875447,22.7730043216|113.989974316,22.8064478047|114.016034984,22.7349025056|113.969922917,22.7070611811|113.953895212,22.7109255323|113.926875447,22.7730043216&types=990000&output=json&key=73d3c499b2603f32f8a6dc6d0a381e26