https://restapi.amap.com/v3/place/polygon?polygon=113.875920736,22.7461060958|113.926875447,22.7730043216|113.953895212,22.7109255323|113.938877314,22.700096645|113.916870727,22.7015762536|113.904875784,22.6848698121|113.878910716,22.6794844081|113.871925141,22.68739478|113.87192668,22.711501061|113.87492141,22.7255011793|113.875920736,22.7461060958&types=010000&output=json&key=73d3c499b2603f32f8a6dc6d0a381e26
https://restapi.amap.com/v3/place/polygon?polygon=113.875920736,22.7461060958|113.926875447,22.7730043216|113.953895212,22.7109255323|113.938877314,22.700096645|113.916870727,22.7015762536|113.904875784,22.6848698121|113.878910716,22.6794844081|113.871925141,22.68739478|113.87192668,22.711501061|113.87492141,22.7255011793|113.875920736,22.7461060958&types=020000&output=json&key=73d3c499b2603f32f8a6dc6d0a381e26
https://restapi.amap.com/v3/place/polygon?polygon=113.875920736,22.7461060958|113.926875447,22.7730043216|113.953895212,22.7109255323|113.938877314,22.700096645|113.916870727,22.7015762536|113.904875784,22.6848698121|113.878910716,22.6794844081|113.871925141,22.68739478|113.87192668,22.711501061|113.87492141,22.7255011793|113.875920736,22.7461060958&types=030000&output=json&key=73d3c499b2603f32f8a6dc6d0a381e26
https://restapi.amap.com/v3/place/polygon?polygon=113.875920736,22.7461060958|113.926875447,22.7730043216|113.953895212,22.7109255323|113.938877314,22.700096645|113.916870727,22.7015762536|113.904875784,22.6848698121|113.878910716,22.6794844081|113.871925141,22.68739478|113.87192668,22.711501061|113.87492141,22.7255011793|113.875920736,22.7461060958&types=040000&output=json&key=73d3c499b2603f32f8a6dc6d0a381e26
https://restapi.amap.com/v3/place/polygon?polygon=113.875920736,22.7461060958|113.926875447,22.7730043216|113.953895212,22.7109255323|113.938877314,22.700096645|113.916870727,22.7015762536|113.904875784,22.6848698121|113.878910716,22.6794844081|113.871925141,22.68739478|113.87192668,22.711501061|113.87492141,22.7255011793|113.875920736,22.7461060958&types=050000&output=json&key=73d3c499b2603f32f8a6dc6d0a381e26
https://restapi.amap.com/v3/place/polygon?polygon=113.875920736,22.7461060958|113.926875447,22.7730043216|113.953895212,22.7109255323|113.938877314,22.700096645|113.916870727,22.7015762536|113.904875784,22.6848698121|113.878910716,22.6794844081|113.871925141,22.68739478|113.87192668,22.711501061|113.87492141,22.7255011793|113.875920736,22.7461060958&types=060000&output=json&key=73d3c499b2603f32f8a6dc6d0a381e26
https://restapi.amap.com/v3/place/polygon?polygon=113.875920736,22.7461060958|113.926875447,22.7730043216|113.953895212,22.7109255323|113.938877314,22.700096645|113.916870727,22.7015762536|113.904875784,22.6848698121|113.878910716,22.6794844081|113.871925141,22.68739478|113.87192668,22.711501061|113.87492141,22.7255011793|113.875920736,22.7461060958&types=070000&output=json&key=73d3c499b2603f32f8a6dc6d0a381e26
https://restapi.amap.com/v3/place/polygon?polygon=113.875920736,22.7461060958|113.926875447,22.7730043216|113.953895212,22.7109255323|113.938877314,22.700096645|113.916870727,22.7015762536|113.904875784,22.6848698121|113.878910716,22.6794844081|113.871925141,22.68739478|113.87192668,22.711501061|113.87492141,22.7255011793|113.875920736,22.7461060958&types=080000&output=json&key=73d3c499b2603f32f8a6dc6d0a381e26
https://restapi.amap.com/v3/place/polygon?polygon=113.875920736,22.7461060958|113.926875447,22.7730043216|113.953895212,22.7109255323|113.938877314,22.700096645|113.916870727,22.7015762536|113.904875784,22.6848698121|113.878910716,22.6794844081|113.871925141,22.68739478|113.87192668,22.711501061|113.87492141,22.7255011793|113.875920736,22.7461060958&types=090000&output=json&key=73d3c499b2603f32f8a6dc6d0a381e26
https://restapi.amap.com/v3/place/polygon?polygon=113.875920736,22.7461060958|113.926875447,22.7730043216|113.953895212,22.7109255323|113.938877314,22.700096645|113.916870727,22.7015762536|113.904875784,22.6848698121|113.878910716,22.6794844081|113.871925141,22.68739478|113.87192668,22.711501061|113.87492141,22.7255011793|113.875920736,22.7461060958&types=100000&output=json&key=73d3c499b2603f32f8a6dc6d0a381e26
https://restapi.amap.com/v3/place/polygon?polygon=113.875920736,22.7461060958|113.926875447,22.7730043216|113.953895212,22.7109255323|113.938877314,22.700096645|113.916870727,22.7015762536|113.904875784,22.6848698121|113.878910716,22.6794844081|113.871925141,22.68739478|113.87192668,22.711501061|113.87492141,22.7255011793|113.875920736,22.7461060958&types=110000&output=json&key=73d3c499b2603f32f8a6dc6d0a381e26
https://restapi.amap.com/v3/place/polygon?polygon=113.875920736,22.7461060958|113.926875447,22.7730043216|113.953895212,22.7109255323|113.938877314,22.700096645|113.916870727,22.7015762536|113.904875784,22.6848698121|113.878910716,22.6794844081|113.871925141,22.68739478|113.87192668,22.711501061|113.87492141,22.7255011793|113.875920736,22.7461060958&types=120000&output=json&key=73d3c499b2603f32f8a6dc6d0a381e26
https://restapi.amap.com/v3/place/polygon?polygon=113.875920736,22.7461060958|113.926875447,22.7730043216|113.953895212,22.7109255323|113.938877314,22.700096645|113.916870727,22.7015762536|113.904875784,22.6848698121|113.878910716,22.6794844081|113.871925141,22.68739478|113.87192668,22.711501061|113.87492141,22.7255011793|113.875920736,22.7461060958&types=130000&output=json&key=73d3c499b2603f32f8a6dc6d0a381e26
https://restapi.amap.com/v3/place/polygon?polygon=113.875920736,22.7461060958|113.926875447,22.7730043216|113.953895212,22.7109255323|113.938877314,22.700096645|113.916870727,22.7015762536|113.904875784,22.6848698121|113.878910716,22.6794844081|113.871925141,22.68739478|113.87192668,22.711501061|113.87492141,22.7255011793|113.875920736,22.7461060958&types=140000&output=json&key=73d3c499b2603f32f8a6dc6d0a381e26
https://restapi.amap.com/v3/place/polygon?polygon=113.875920736,22.7461060958|113.926875447,22.7730043216|113.953895212,22.7109255323|113.938877314,22.700096645|113.916870727,22.7015762536|113.904875784,22.6848698121|113.878910716,22.6794844081|113.871925141,22.68739478|113.87192668,22.711501061|113.87492141,22.7255011793|113.875920736,22.7461060958&types=150000&output=json&key=73d3c499b2603f32f8a6dc6d0a381e26
https://restapi.amap.com/v3/place/polygon?polygon=113.875920736,22.7461060958|113.926875447,22.7730043216|113.953895212,22.7109255323|113.938877314,22.700096645|113.916870727,22.7015762536|113.904875784,22.6848698121|113.878910716,22.6794844081|113.871925141,22.68739478|113.87192668,22.711501061|113.87492141,22.7255011793|113.875920736,22.7461060958&types=160000&output=json&key=73d3c499b2603f32f8a6dc6d0a381e26
https://restapi.amap.com/v3/place/polygon?polygon=113.875920736,22.7461060958|113.926875447,22.7730043216|113.953895212,22.7109255323|113.938877314,22.700096645|113.916870727,22.7015762536|113.904875784,22.6848698121|113.878910716,22.6794844081|113.871925141,22.68739478|113.87192668,22.711501061|113.87492141,22.7255011793|113.875920736,22.7461060958&types=170000&output=json&key=73d3c499b2603f32f8a6dc6d0a381e26
https://restapi.amap.com/v3/place/polygon?polygon=113.875920736,22.7461060958|113.926875447,22.7730043216|113.953895212,22.7109255323|113.938877314,22.700096645|113.916870727,22.7015762536|113.904875784,22.6848698121|113.878910716,22.6794844081|113.871925141,22.68739478|113.87192668,22.711501061|113.87492141,22.7255011793|113.875920736,22.7461060958&types=180000&output=json&key=73d3c499b2603f32f8a6dc6d0a381e26
https://restapi.amap.com/v3/place/polygon?polygon=113.875920736,22.7461060958|113.926875447,22.7730043216|113.953895212,22.7109255323|113.938877314,22.700096645|113.916870727,22.7015762536|113.904875784,22.6848698121|113.878910716,22.6794844081|113.871925141,22.68739478|113.87192668,22.711501061|113.87492141,22.7255011793|113.875920736,22.7461060958&types=190000&output=json&key=73d3c499b2603f32f8a6dc6d0a381e26
https://restapi.amap.com/v3/place/polygon?polygon=113.875920736,22.7461060958|113.926875447,22.7730043216|113.953895212,22.7109255323|113.938877314,22.700096645|113.916870727,22.7015762536|113.904875784,22.6848698121|113.878910716,22.6794844081|113.871925141,22.68739478|113.87192668,22.711501061|113.87492141,22.7255011793|113.875920736,22.7461060958&types=200000&output=json&key=73d3c499b2603f32f8a6dc6d0a381e26
https://restapi.amap.com/v3/place/polygon?polygon=113.875920736,22.7461060958|113.926875447,22.7730043216|113.953895212,22.7109255323|113.938877314,22.700096645|113.916870727,22.7015762536|113.904875784,22.6848698121|113.878910716,22.6794844081|113.871925141,22.68739478|113.87192668,22.711501061|113.87492141,22.7255011793|113.875920736,22.7461060958&types=990000&output=json&key=73d3c499b2603f32f8a6dc6d0a381e26